-2.31640938 0.62068002 0.00 -1.00
-3.47461407 0.93102003 0.00 -1.00
-4.63281876 1.24136004 0.00 -1.00
-5.79102345 1.55170005 0.00 -1.00
-6.94922814 1.86204006 0.00 -1.00
-8.10743283 2.17238007 0.00 -1.00
-9.26563752 2.48272008 0.00 -1.00
-10.42384221 2.79306009 0.00 -1.00
-11.5820469 3.1034001 0.00 -1.00
-12.74025159 3.41374011 0.00 -1.00
-13.89845628 3.72408012 0.00 -1.00
-15.05666097 4.03442013 0.00 -1.00
-16.21486566 4.34476014 0.00 -1.00
-17.37307035 4.65510015 0.00 -1.00
-18.53127504 4.96544016 0.00 -1.00
-19.68947973 5.27578017 0.00 -1.00
-20.84768442 5.58612018 0.00 -1.00
-22.00588911 5.89646019 0.00 -1.00
-23.1640938 6.2068002 0.00 -1.00
-69.4922814 18.6204006 0.00 -1.00
-115.820469 31.034001 0.00 -1.00
-173.7307035 46.5510015 0.00 -1.00
-231.640938 62.068002 0.00 -1.00
-347.461407 93.102003 0.00 -1.00
-463.281876 124.136004 0.00 -1.00
